หมวด,งบประมาณ Q1,งบประมาณ Q2,งบประมาณ Q3,งบประมาณ Q4,รวม
เงินเดือน,2500000,2500000,2500000,2500000,10000000
Marketing,500000,600000,400000,800000,2300000
IT & Software,300000,150000,150000,300000,900000
การเดินทาง,200000,250000,200000,150000,800000
อบรม/พัฒนา,150000,100000,100000,150000,500000
สำนักงาน,120000,120000,120000,120000,480000
อื่นๆ,80000,80000,80000,80000,320000
รวม,3850000,3800000,3550000,4100000,15300000
